CLOCK
00000000
NOP__
0
0
0
00000000
1
0
0
00000000
00000000
00000000
00000000
00000000
0
0
00000000
CLOCK
00000000
NOP__
0
0
0
00000000
1
0
0
00000000
00000000
00000000
00000000
00000000
0
0
00000000
CLOCK
00000004
ADDI_
16
0
7
00000007
1
0
0
00000000
00000000
00000000
00000000
00000000
0
0
00000000
CLOCK
00000008
AUIPC
4
0
0
00002000
0
0
0
00000007
00000007
00000000
00000000
00000000
0
0
00000000
CLOCK
0000000C
ADDI_
4
4
28
FFFFFFFC
0
0
0
00002004
00002000
00000007
00000000
00000000
0
0
00000000
CLOCK
00000010
AUIPC
5
0
0
00002000
0
1
0
00000004
00002000
00002000
00000000
00000000
1
16
00000007
CLOCK
00000014
ADDI_
5
5
16
00000010
0
0
0
0000200C
00002000
00002000
00000000
00000000
1
4
00002004
CLOCK
00000018
LUI__
13
0
0
40000000
0
1
0
00000020
0000201C
00002000
00000000
00000000
1
4
00002000
CLOCK
0000001C
ADDI_
13
13
31
FFFFFFFF
0
0
0
40000014
40000000
0000201C
00000007
00000000
1
5
0000200C
CLOCK
00000020
BEQ__
16
16
0
00000030
0
1
0
00000017
3FFFFFFF
40000000
00000000
00000000
1
5
0000201C
CLOCK
00000024
LW___
8
4
0
00000000
0
0
0
0000004C
00000007
3FFFFFFF
00000000
00000000
1
13
40000000
CLOCK
00000028
SRAI_
9
8
31
0000001F
0
0
0
00000020
00002000
00000007
00000000
00000000
1
13
3FFFFFFF
CLOCK
00000028
SRAI_
9
8
31
0000001F
1
1
0
00000043
00002000
00002000
00000000
0000000A
0
16
00000007
CLOCK
0000002C
XOR__
10
8
9
00000000
0
2
0
00000043
00000000
00002000
00000000
0000000A
1
8
0000000A
CLOCK
00000030
ANDI_
9
9
1
00000001
0
0
1
00000028
0000000A
00000000
00000000
0000000A
0
8
00000024
CLOCK
00000034
ADD__
10
10
9
00000000
0
2
0
0000002D
00000000
0000000A
00000000
0000000A
1
9
00000000
CLOCK
00000038
ADDI_
4
4
4
00000004
0
2
1
00000030
0000000A
00000000
00000000
0000000A
1
10
0000000A
CLOCK
0000003C
ADDI_
16
16
31
FFFFFFFF
0
0
0
00000038
00002004
0000000A
00000000
0000000A
1
9
00000000
CLOCK
00000040
SLT__
11
10
13
00000000
0
0
0
00000037
00000006
00002004
00002000
0000000A
1
10
0000000A
CLOCK
00000044
BEQ__
29
11
0
FFFFFFDC
0
0
0
0000003C
00000001
00000006
00000000
0000000A
1
4
00002004
CLOCK
00000048
ADD__
13
10
0
00000000
0
1
0
0000001C
00000001
00000001
3FFFFFFF
0000000A
1
16
00000006
CLOCK
0000004C
JAL__
1
31
21
FFFFFFD4
0
0
0
00000044
0000000A
00000001
00000000
0000000A
1
11
00000001
CLOCK
00000050
SW___
0
5
13
00000000
0
0
0
0000001C
FFFFFFD4
0000000A
00000000
0000000A
0
29
00000001
CLOCK
0000001C
JAL__
1
0
0
00000000
1
0
2
0000004C
00002026
FFFFFFD4
00000000
0000000A
1
13
0000000A
CLOCK
00000020
BEQ__
16
16
0
00000030
1
0
0
00000050
00000000
FFFFFFD4
00000000
0000000A
1
1
0000004C
CLOCK
00000024
LW___
8
4
0
00000000
0
0
0
0000004C
00000006
FFFFFFD4
00000000
0000000A
0
1
0000004C
CLOCK
00000028
SRAI_
9
8
31
0000001F
0
0
0
00000020
00002004
00000006
00000000
0000000A
0
1
0000004C
CLOCK
00000028
SRAI_
9
8
31
0000001F
1
1
0
00000043
00002004
00002004
00000000
FFFFFFD1
0
16
00000006
CLOCK
0000002C
XOR__
10
8
9
00000000
0
2
0
00000043
FFFFFFFF
00002004
00000000
FFFFFFD1
1
8
FFFFFFD1
CLOCK
00000030
ANDI_
9
9
1
00000001
0
0
1
00000028
0000002E
FFFFFFFF
00000000
FFFFFFD1
0
8
00000024
CLOCK
00000034
ADD__
10
10
9
00000000
0
2
0
0000002D
00000001
0000002E
00000000
FFFFFFD1
1
9
FFFFFFFF
CLOCK
00000038
ADDI_
4
4
4
00000004
0
2
1
00000030
0000002F
00000001
0000004C
FFFFFFD1
1
10
0000002E
CLOCK
0000003C
ADDI_
16
16
31
FFFFFFFF
0
0
0
00000038
00002008
0000002F
FFFFFFFF
FFFFFFD1
1
9
00000001
CLOCK
00000040
SLT__
11
10
13
00000000
0
0
0
00000037
00000005
00002008
00002004
FFFFFFD1
1
10
0000002F
CLOCK
00000044
BEQ__
29
11
0
FFFFFFDC
0
0
0
0000003C
00000000
00000005
00000000
FFFFFFD1
1
4
00002008
CLOCK
00000048
ADD__
13
10
0
00000000
0
1
0
0000001C
00000000
00000000
0000000A
FFFFFFD1
1
16
00000005
CLOCK
0000001C
JAL__
1
31
21
FFFFFFD4
1
0
0
00000044
0000002F
00000000
00000000
FFFFFFD1
1
11
00000000
CLOCK
00000020
BEQ__
16
16
0
00000030
1
0
0
0000001C
00000000
00000000
00000000
FFFFFFD1
0
29
00000000
CLOCK
00000024
LW___
8
4
0
00000000
0
0
0
0000004C
00000005
00000000
00000000
FFFFFFD1
0
29
00000044
CLOCK
00000028
SRAI_
9
8
31
0000001F
0
0
0
00000020
00002008
00000005
00000000
FFFFFFD1
0
29
00000044
CLOCK
00000028
SRAI_
9
8
31
0000001F
1
1
0
00000043
00002008
00002008
00000000
00000016
0
16
00000005
CLOCK
0000002C
XOR__
10
8
9
00000000
0
2
0
00000043
00000000
00002008
00000000
00000016
1
8
00000016
CLOCK
00000030
ANDI_
9
9
1
00000001
0
0
1
00000028
00000016
00000000
00000000
00000016
0
8
00000024
CLOCK
00000034
ADD__
10
10
9
00000000
0
2
0
0000002D
00000000
00000016
00000001
00000016
1
9
00000000
CLOCK
00000038
ADDI_
4
4
4
00000004
0
2
1
00000030
00000016
00000000
0000004C
00000016
1
10
00000016
CLOCK
0000003C
ADDI_
16
16
31
FFFFFFFF
0
0
0
00000038
0000200C
00000016
00000000
00000016
1
9
00000000
CLOCK
00000040
SLT__
11
10
13
00000000
0
0
0
00000037
00000004
0000200C
00002008
00000016
1
10
00000016
CLOCK
00000044
BEQ__
29
11
0
FFFFFFDC
0
0
0
0000003C
00000000
00000004
00000000
00000016
1
4
0000200C
CLOCK
00000048
ADD__
13
10
0
00000000
0
1
0
0000001C
00000000
00000000
0000000A
00000016
1
16
00000004
CLOCK
0000001C
JAL__
1
31
21
FFFFFFD4
1
0
0
00000044
00000016
00000000
00000000
00000016
1
11
00000000
CLOCK
00000020
BEQ__
16
16
0
00000030
1
0
0
0000001C
00000000
00000000
00000000
00000016
0
29
00000000
CLOCK
00000024
LW___
8
4
0
00000000
0
0
0
0000004C
00000004
00000000
00000000
00000016
0
29
00000044
CLOCK
00000028
SRAI_
9
8
31
0000001F
0
0
0
00000020
0000200C
00000004
00000000
00000016
0
29
00000044
CLOCK
00000028
SRAI_
9
8
31
0000001F
1
1
0
00000043
0000200C
0000200C
00000000
FFFFFFFD
0
16
00000004
CLOCK
0000002C
XOR__
10
8
9
00000000
0
2
0
00000043
FFFFFFFF
0000200C
00000000
FFFFFFFD
1
8
FFFFFFFD
CLOCK
00000030
ANDI_
9
9
1
00000001
0
0
1
00000028
00000002
FFFFFFFF
00000000
FFFFFFFD
0
8
00000024
CLOCK
00000034
ADD__
10
10
9
00000000
0
2
0
0000002D
00000001
00000002
00000000
FFFFFFFD
1
9
FFFFFFFF
CLOCK
00000038
ADDI_
4
4
4
00000004
0
2
1
00000030
00000003
00000001
0000004C
FFFFFFFD
1
10
00000002
CLOCK
0000003C
ADDI_
16
16
31
FFFFFFFF
0
0
0
00000038
00002010
00000003
FFFFFFFF
FFFFFFFD
1
9
00000001
CLOCK
00000040
SLT__
11
10
13
00000000
0
0
0
00000037
00000003
00002010
0000200C
FFFFFFFD
1
10
00000003
CLOCK
00000044
BEQ__
29
11
0
FFFFFFDC
0
0
0
0000003C
00000001
00000003
00000000
FFFFFFFD
1
4
00002010
CLOCK
00000048
ADD__
13
10
0
00000000
0
1
0
0000001C
00000001
00000001
0000000A
FFFFFFFD
1
16
00000003
CLOCK
0000004C
JAL__
1
31
21
FFFFFFD4
0
0
0
00000044
00000003
00000001
00000000
FFFFFFFD
1
11
00000001
CLOCK
00000050
SW___
0
5
13
00000000
0
0
0
0000001C
FFFFFFD4
00000003
00000000
FFFFFFFD
0
29
00000001
CLOCK
0000001C
JAL__
1
0
0
00000000
1
0
2
0000004C
0000201F
FFFFFFD4
00000000
FFFFFFFD
1
13
00000003
CLOCK
00000020
BEQ__
16
16
0
00000030
1
0
0
00000050
00000000
FFFFFFD4
00000000
FFFFFFFD
1
1
0000004C
CLOCK
00000024
LW___
8
4
0
00000000
0
0
0
0000004C
00000003
FFFFFFD4
00000000
FFFFFFFD
0
1
0000004C
CLOCK
00000028
SRAI_
9
8
31
0000001F
0
0
0
00000020
00002010
00000003
00000000
FFFFFFFD
0
1
0000004C
CLOCK
00000028
SRAI_
9
8
31
0000001F
1
1
0
00000043
00002010
00002010
00000000
0000000F
0
16
00000003
CLOCK
0000002C
XOR__
10
8
9
00000000
0
2
0
00000043
00000000
00002010
00000000
0000000F
1
8
0000000F
CLOCK
00000030
ANDI_
9
9
1
00000001
0
0
1
00000028
0000000F
00000000
00000000
0000000F
0
8
00000024
CLOCK
00000034
ADD__
10
10
9
00000000
0
2
0
0000002D
00000000
0000000F
00000001
0000000F
1
9
00000000
CLOCK
00000038
ADDI_
4
4
4
00000004
0
2
1
00000030
0000000F
00000000
0000004C
0000000F
1
10
0000000F
CLOCK
0000003C
ADDI_
16
16
31
FFFFFFFF
0
0
0
00000038
00002014
0000000F
00000000
0000000F
1
9
00000000
CLOCK
00000040
SLT__
11
10
13
00000000
0
0
0
00000037
00000002
00002014
00002010
0000000F
1
10
0000000F
CLOCK
00000044
BEQ__
29
11
0
FFFFFFDC
0
0
0
0000003C
00000000
00000002
00000000
0000000F
1
4
00002014
CLOCK
00000048
ADD__
13
10
0
00000000
0
1
0
0000001C
00000000
00000000
00000003
0000000F
1
16
00000002
CLOCK
0000001C
JAL__
1
31
21
FFFFFFD4
1
0
0
00000044
0000000F
00000000
00000000
0000000F
1
11
00000000
CLOCK
00000020
BEQ__
16
16
0
00000030
1
0
0
0000001C
00000000
00000000
00000000
0000000F
0
29
00000000
CLOCK
00000024
LW___
8
4
0
00000000
0
0
0
0000004C
00000002
00000000
00000000
0000000F
0
29
00000044
CLOCK
00000028
SRAI_
9
8
31
0000001F
0
0
0
00000020
00002014
00000002
00000000
0000000F
0
29
00000044
CLOCK
00000028
SRAI_
9
8
31
0000001F
1
1
0
00000043
00002014
00002014
00000000
0000001B
0
16
00000002
CLOCK
0000002C
XOR__
10
8
9
00000000
0
2
0
00000043
00000000
00002014
00000000
0000001B
1
8
0000001B
CLOCK
00000030
ANDI_
9
9
1
00000001
0
0
1
00000028
0000001B
00000000
00000000
0000001B
0
8
00000024
CLOCK
00000034
ADD__
10
10
9
00000000
0
2
0
0000002D
00000000
0000001B
00000000
0000001B
1
9
00000000
CLOCK
00000038
ADDI_
4
4
4
00000004
0
2
1
00000030
0000001B
00000000
0000004C
0000001B
1
10
0000001B
CLOCK
0000003C
ADDI_
16
16
31
FFFFFFFF
0
0
0
00000038
00002018
0000001B
00000000
0000001B
1
9
00000000
CLOCK
00000040
SLT__
11
10
13
00000000
0
0
0
00000037
00000001
00002018
00002014
0000001B
1
10
0000001B
CLOCK
00000044
BEQ__
29
11
0
FFFFFFDC
0
0
0
0000003C
00000000
00000001
00000000
0000001B
1
4
00002018
CLOCK
00000048
ADD__
13
10
0
00000000
0
1
0
0000001C
00000000
00000000
00000003
0000001B
1
16
00000001
CLOCK
0000001C
JAL__
1
31
21
FFFFFFD4
1
0
0
00000044
0000001B
00000000
00000000
0000001B
1
11
00000000
CLOCK
00000020
BEQ__
16
16
0
00000030
1
0
0
0000001C
00000000
00000000
00000000
0000001B
0
29
00000000
CLOCK
00000024
LW___
8
4
0
00000000
0
0
0
0000004C
00000001
00000000
00000000
0000001B
0
29
00000044
CLOCK
00000028
SRAI_
9
8
31
0000001F
0
0
0
00000020
00002018
00000001
00000000
0000001B
0
29
00000044
CLOCK
00000028
SRAI_
9
8
31
0000001F
1
1
0
00000043
00002018
00002018
00000000
FFFFFFFC
0
16
00000001
CLOCK
0000002C
XOR__
10
8
9
00000000
0
2
0
00000043
FFFFFFFF
00002018
00000000
FFFFFFFC
1
8
FFFFFFFC
CLOCK
00000030
ANDI_
9
9
1
00000001
0
0
1
00000028
00000003
FFFFFFFF
00000000
FFFFFFFC
0
8
00000024
CLOCK
00000034
ADD__
10
10
9
00000000
0
2
0
0000002D
00000001
00000003
00000000
FFFFFFFC
1
9
FFFFFFFF
CLOCK
00000038
ADDI_
4
4
4
00000004
0
2
1
00000030
00000004
00000001
0000004C
FFFFFFFC
1
10
00000003
CLOCK
0000003C
ADDI_
16
16
31
FFFFFFFF
0
0
0
00000038
0000201C
00000004
FFFFFFFF
FFFFFFFC
1
9
00000001
CLOCK
00000040
SLT__
11
10
13
00000000
0
0
0
00000037
00000000
0000201C
00002018
FFFFFFFC
1
10
00000004
CLOCK
00000044
BEQ__
29
11
0
FFFFFFDC
0
0
0
0000003C
00000000
00000000
00000000
FFFFFFFC
1
4
0000201C
CLOCK
00000048
ADD__
13
10
0
00000000
0
1
0
0000001C
00000000
00000000
00000003
FFFFFFFC
1
16
00000000
CLOCK
0000001C
JAL__
1
31
21
FFFFFFD4
1
0
0
00000044
00000004
00000000
00000000
FFFFFFFC
1
11
00000000
CLOCK
00000020
BEQ__
16
16
0
00000030
1
0
0
0000001C
00000000
00000000
00000000
FFFFFFFC
0
29
00000000
CLOCK
00000024
LW___
8
4
0
00000000
0
0
0
0000004C
00000000
00000000
00000000
FFFFFFFC
0
29
00000044
CLOCK
0000004C
SRAI_
9
8
31
0000001F
1
0
0
00000020
0000201C
00000000
00000000
FFFFFFFC
0
29
00000044
CLOCK
00000050
SW___
0
5
13
00000000
1
0
0
00000043
FFFFFFFC
00000000
00000000
FFFFFFFC
0
16
00000000
CLOCK
00000054
JAL__
1
0
0
00000000
0
0
0
0000004C
0000201C
00000000
00000000
FFFFFFFC
0
16
00000020
CLOCK
00000058
ADDI_
0
0
0
00000000
0
0
0
00000050
00000000
0000201C
00000003
FFFFFFFC
0
16
00000020
CLOCK
00000050
ADDI_
0
0
0
00000000
1
0
0
00000054
00000000
00000000
00000000
FFFFFFFC
0
0
0000201C
CLOCK
00000054
JAL__
1
0
0
00000000
1
0
0
00000058
00000000
00000000
00000000
FFFFFFFC
1
1
00000054
CLOCK
00000058
ADDI_
0
0
0
00000000
0
0
0
00000050
00000000
00000000
00000000
FFFFFFFC
0
1
00000054
