0
316
0
828
0
1023
-1
828
-1
316
-1
-317
-1
-829
-1
-1024
0
-829
0
-317
0
316
0
828
0
1023
-1
828
-1
316
-1
-317
-1
-829
-1
-1024
0
-829
0
-317
0
316
0
828
0
1023
0
828
-1
316
0
-317
-1
-829
-1
-1024
0
-829
0
-317
0
316
0
828
0
1023
0
828
-1
316
-1
-317
-1
-829
-1
-1024
0
-829
0
-317
0
316
0
828
0
1023
-1
828
-1
316
-1
-317
0
-829
0
-1024
0
-829
-1
-317
-1
316
0
828
-1
1023
-1
828
-1
316
-1
-317
-1
-829
-1
-1024
-1
-829
-1
-317
0
316
-1
828
0
1023
0
828
0
316
-1
-317
0
-829
0
-1024
0
-829
-1
-317
0
316
0
828
0
1023
-1
828
-1
316
0
-317
-1
-829
-1
-1024
-1
-829
0
-317
0
316
-1
828
0
1023
0
828
0
316
-1
-317
-1
-829
0
-1024
0
-829
0
-317
0
316
0
828
-1
1023
-1
828
0
316
0
-317
-1
-829
0
-1024
-1
-829
0
-317
-1
