0
-1
-5
-10
9
63
164
286
402
474
499
473
404
291
151
-5
-159
-302
-413
-483
-506
-482
-411
-299
-157
-2
153
294
406
474
499
473
404
291
151
-5
-159
-302
-413
-483
-506
-482
-411
-299
-157
-2
153
294
406
475
500
474
405
293
152
-4
-158
-301
-413
-483
-506
-482
-411
-299
-157
-2
153
294
406
475
500
474
405
292
151
-5
-159
-302
-413
-483
-506
-482
-411
-299
-157
-2
153
294
406
474
499
473
404
291
151
-4
-158
-300
-411
-481
-505
-482
-412
-301
-159
-4
152
292
405
473
498
472
404
291
151
-5
-159
-302
-413
-484
-507
-484
-413
-301
-158
-4
152
293
405
474
500
475
406
293
152
-3
-158
-300
-411
-481
-505
-482
-412
-300
-158
-3
153
294
406
474
499
473
404
292
152
-4
-158
-301
-413
-484
-507
-483
-412
-300
-157
-3
152
293
405
474
500
475
406
293
152
-4
-159
-301
-412
-482
-505
-481
-411
-299
-157
-2
153
293
405
473
498
473
405
293
153
-3
-158
-300
-412
-483
-506
