00000000011100000000100000010011
00000000000000000010001000010111
11111111110000100000001000010011
00000000000000000010001010010111
00000001000000101000001010010011
01000000000000000000011010110111
11111111111101101000011010010011
00000010000010000000001001100011
00000000000000100010010000000011
00000000000001000001010100010011
00000000010000100000001000010011
11111111111110000000100000010011
00000000110101010010010110110011
11111110000001011000010011100011
00000000000001010000011010110011
11111110000111111111000011101111
00000000110100101010000000100011
00000000000000000000000011101111
00000000000000000000000000010011
00000000000000000000000000010011
